           1  0.20937356683881930        1500.4724335657256     
           2  0.20924244692118052        1501.4126912658401     
           3  0.20911226670012895        1502.3473769211723     
           4  0.20898301050178195        1503.2765802572289     
           5  0.20885466286581725        1504.2003901096384     
           6  0.20872720854945717        1505.1188943799841     
           7  0.20860063253108632        1506.0321799942881     
           8  0.20847492001318615        1506.9403328664598     
           9  0.20835005642506380        1507.8434378632933     
          10  0.20822602742490451        1508.7415787744355     
          11  0.20810281890160554        1509.6348382840458     
          12  0.20798041697609054        1510.5232979463403     
          13  0.20785880800213996        1511.4070381647959     
          14  0.20773797856712931        1512.2861381721812     
          15  0.20761791549203007        1513.1606760161269     
          16  0.20749860583141946        1514.0307285448243     
          17  0.20738003687301712        1514.8963713963713     
          18  0.20726219613679209        1515.7576789914726     
          19  0.20714507137408864        1516.6147245262282     
          20  0.20702865056618636        1517.4675799692936     
          21  0.20691292192278740        1518.3163160598181     
          22  0.20679787388025431        1519.1610023074625     
          23  0.20668349509953987        1520.0017069949322     
          24  0.20656977446390651        1520.8384971823248     
          25  0.20645670107648861        1521.6714387128989     
          26  0.20634426425738733        1522.5005962225680     
          27  0.20623245354044639        1523.3260331520339     
          28  0.20612125866930298        1524.1478117645811     
          29  0.20601066959231937        1524.9659931724818     
          30  0.20590067645574131        1525.7806373769170     
          31  0.20579126959371852        1526.5918033316248     
          32  0.20568243951415208        1527.3995490381349     
          33  0.20557417687650600        1528.2039317015158     
          34  0.20546647245935459        1529.0050079636537     
          35  0.20535931711196337        1529.8028342570765     
          36  0.20525270168418780        1530.5974673227965     
          37  0.20514661692771557        1531.3889649453731     
          38  0.20504105336126974        1532.1773869618685     
          39  0.20493600109371024        1532.9627965919224     
          40  0.20483144960196550        1533.7452621141083     
          41  0.20472738746662583        1534.5248588696654     
          42  0.20462380207744502        1535.3016715038746     
          43  0.20452067933306350        1536.0757962639491     
          44  0.20441800337308744        1536.8473430669455     
          45  0.20431575639289606        1537.6164369568046     
          46  0.20421391859765142        1538.3832185207004     
          47  0.20411246834732888        1539.1478428666535     
          48  0.20401138252524573        1539.9104769073517     
          49  0.20391063712945140        1540.6712949434673     
          50  0.20381020804487313        1541.4304728535017     
          51  0.20371007191539028        1542.1881814928788     
          52  0.20361020701138441        1542.9445800888254     
          53  0.20351059399220164        1543.6998103942326     
          54  0.20341121651489494        1544.4539919752890     
          55  0.20331206182148404        1545.2072176358306     
          56  0.20321312206955580        1545.9595431610410     
          57  0.20311439929412969        1546.7109493504972     
          58  0.20301592303189028        1547.4612073144151     
          59  0.20291780351268748        1548.2094716215299     
          60  0.20282036087086594        1548.9532905377382     
          61  0.20272432664286666        1549.6870580925606     
          62  0.20263069280987867        1550.4031546382957     
          63  0.20253891809306179        1551.1056754763085     
          64  0.20244503702528008        1551.8249791411240     
